"","X","name","key","decimalLatitude","decimalLongitude","issues","cells","bio1","bio2","bio3","bio4","bio5","bio6","bio7","bio8","bio9","bio10","bio11","bio12","bio13","bio14","bio15","bio16","bio17","bio18","bio19"
"1",1,"Ocotea corymbosa",1316178257,-23.982444,-54.239806,"gass84,iddatunl",23633419,219,117,57,2826,316,113,203,238,188,248,178,1562,187,67,26,514,257,476,339
"2",2,"Ocotea corymbosa",1801097533,-17.912554,-43.786536,"gass84,iddatunl",22372230,191,110,63,1683,275,103,172,204,172,208,166,1384,314,8,86,782,26,544,45
"3",3,"Ocotea corymbosa",1801097170,-18.904722,-43.427222,"gass84",22579598,206,125,65,1995,292,100,192,224,180,227,177,1606,380,8,87,900,33,621,58
"4",5,"Ocotea corymbosa",1423909539,-22.3575,-49.0275,"gass84,preswcd",23296584,206,127,65,2404,293,99,194,234,175,234,173,1232,216,27,62,589,112,589,131
"5",6,"Ocotea corymbosa",1143421846,-27.81,-49.949722,"cdround,gass84",24428402,151,102,54,2857,249,61,188,186,127,186,115,1565,168,104,16,454,319,454,321
"6",7,"Ocotea corymbosa",1420315368,-21.586389,-47.299167,"gass84",23141105,206,121,66,2091,284,101,183,227,177,227,175,1389,260,18,74,706,68,644,89
"7",8,"Ocotea corymbosa",1213525335,-22.813889,-48.742778,"gass84",23391631,199,125,65,2270,285,95,190,225,168,225,168,1305,227,31,61,617,117,617,137
"8",9,"Ocotea corymbosa",1658213777,-22.526667,-45.266389,"gass84",23331234,160,123,63,2256,240,46,194,185,129,185,129,1772,331,26,74,913,96,833,96
"9",10,"Ocotea corymbosa",1086916839,-23.003056,-48.814444,"gass84",23434829,201,127,66,2220,289,97,192,227,172,227,172,1296,213,35,56,591,129,545,152
"10",12,"Ocotea corymbosa",1090761230,-22.045578,-53.396669,"gass84",23235999,229,121,66,2029,313,132,181,244,205,249,200,1385,191,26,44,513,150,492,184
"11",13,"Ocotea corymbosa",1098941550,-15.5725,-48.169722,"gass84,iddatunl",21888284,222,104,70,904,289,142,147,225,213,229,207,1424,271,5,78,688,24,197,40
"12",14,"Ocotea corymbosa",1098942585,-19.720992,-44.155489,"gass84",22752381,208,124,67,1722,287,104,183,221,191,224,183,1371,297,9,88,784,31,580,46
"13",15,"Ocotea corymbosa",1090755033,-19.697181,-55.330833,"gass84",22743473,235,119,68,1831,313,139,174,251,209,251,208,1459,246,34,56,646,111,610,168
"14",16,"Ocotea corymbosa",1587291772,-19.0114,-43.394997,"gass84",22605519,202,123,64,1981,287,97,190,218,175,223,173,1655,389,9,86,922,36,635,60
"15",17,"Ocotea corymbosa",1587291725,-19.046492,-43.388683,"gass84",22614159,201,122,64,1985,285,97,188,218,174,222,172,1650,385,9,86,917,35,634,59
"16",18,"Ocotea corymbosa",1090757106,-25.026722,-47.895639,"gass84",23849571,226,87,50,2875,310,138,172,262,189,262,189,2429,367,82,45,1010,303,1010,303
"17",19,"Ocotea corymbosa",1829094799,-23.394611,-46.454278,"gass84",23512646,181,100,59,2256,259,91,168,208,151,209,151,1400,244,31,64,670,109,649,109
"18",20,"Ocotea corymbosa",1087538183,-13.8875,-40.751556,"gass84,iddatunl",21542862,235,96,70,1369,299,163,136,246,214,249,214,530,115,3,84,295,14,213,14
"19",21,"Ocotea corymbosa",1090628985,-18.123694,-43.448472,"gass84,iddatunl",22415438,212,118,65,1848,296,115,181,228,188,232,185,1275,275,7,87,729,24,516,40
"20",22,"Ocotea corymbosa",1077475810,-23.910917,-52.754556,"gass84",23616174,207,120,61,2838,299,103,196,240,181,240,168,1414,162,67,24,442,263,442,337
"21",23,"Ocotea corymbosa",1077475782,-23.912167,-52.75,"gass84",23616175,204,120,62,2790,295,102,193,236,179,236,166,1436,164,68,24,454,265,454,338
"22",24,"Ocotea corymbosa",1086917127,-21.816667,-47.416667,"gass84",23184302,209,120,64,2191,289,103,186,232,178,232,178,1319,248,19,73,673,70,607,91
"23",25,"Ocotea corymbosa",1213667744,-17.7097,-50.0922,"gass84,iddatunl",22337518,247,120,69,1331,322,149,173,253,238,257,226,1428,259,8,77,711,29,194,143
"24",26,"Ocotea corymbosa",1089278942,-22.630722,-52.813583,"gass84",23356973,224,127,64,2478,312,116,196,251,204,251,188,1228,156,37,40,438,152,438,208
"25",27,"Ocotea corymbosa",1213668473,-17.6803,-50.0927,"gass84,iddatunl",22328878,246,120,69,1302,321,149,172,252,237,257,226,1430,258,8,77,710,29,379,143
"26",29,"Ocotea corymbosa",1090698500,-22.576683,-49.055933,"gass84,iddatunl",23339783,205,127,65,2373,293,98,195,232,174,232,173,1245,212,28,60,586,111,586,129
"27",31,"Ocotea corymbosa",1087659349,-20.6582,-43.810778,"gass84",22942469,195,118,64,1986,277,95,182,212,168,218,167,1427,293,15,82,774,48,596,61
"28",32,"Ocotea corymbosa",1257711479,-22.658333,-56.026111,"cdround,gass84,iddatunl",23356896,231,118,60,2594,321,126,195,257,196,259,195,1398,173,43,34,488,174,449,241
"29",33,"Ocotea corymbosa",1257711283,-22.681667,-55.9975,"cdround,gass84,iddatunl",23365537,227,118,61,2582,315,122,193,252,192,254,190,1401,171,43,34,485,175,451,241
"30",34,"Ocotea corymbosa",1796797570,-22.6197,-52.8678,"gass84",23348332,227,127,64,2462,316,119,197,254,207,254,192,1227,157,35,40,440,151,440,204
"31",36,"Ocotea corymbosa",1094905602,-15.339444,-38.999722,"gass84",21845305,243,70,64,1121,295,187,108,243,234,256,227,1714,158,110,9,452,387,428,441
"32",38,"Ocotea corymbosa",1090697626,-20.852111,-47.4285,"gass84",22985582,207,106,67,1560,273,115,158,221,186,221,182,1537,281,16,75,774,59,707,88
"33",39,"Ocotea corymbosa",1089278304,-22.632208,-52.852819,"gass84,iddatunl",23356972,223,127,64,2460,311,115,196,249,203,249,187,1236,158,37,39,439,154,439,209
"34",40,"Ocotea corymbosa",1658209156,-23.55059,-52.4524,"gass84",23547062,213,122,62,2755,303,107,196,244,188,244,174,1344,162,58,29,447,223,447,275
"35",41,"Ocotea corymbosa",1087659514,-20.094722,-43.686667,"gass84",22830152,172,116,67,1776,250,77,173,187,148,191,145,1605,339,14,82,862,52,686,62
"36",44,"Ocotea corymbosa",1089278311,-22.607872,-52.885928,"gass84,iddatunl",23348331,225,127,64,2448,314,117,197,251,205,251,190,1236,159,35,40,441,153,441,205
"37",45,"Ocotea corymbosa",1802961152,-27.630278,-49.049444,"gass84",24393863,168,88,50,2903,256,82,174,204,133,204,131,1652,215,91,26,571,293,571,319
"38",46,"Ocotea corymbosa",1094712998,-27.990555,-49.320556,"cdround,gass84",24462977,140,93,53,2628,231,58,173,173,108,173,108,1707,197,109,19,533,335,533,335
"39",47,"Ocotea corymbosa",1802960975,-27.449722,-49.14,"gass84",24350661,167,91,51,2895,257,80,177,203,132,203,130,1655,208,93,25,558,299,558,326
"40",48,"Ocotea corymbosa",1090529559,-7.108889,-48.229167,"gass84",20134363,258,114,75,348,335,184,151,255,260,262,254,1787,289,12,67,843,69,107,661
"41",49,"Ocotea corymbosa",1090516278,-15.395833,-39.566111,"gass84",21853931,215,79,65,1269,273,153,120,225,211,229,197,1105,137,65,23,353,217,293,244
"42",50,"Ocotea corymbosa",1272062290,-16.392222,-47.940833,"gass84,iddatunl",22061090,211,130,70,1338,291,107,184,219,192,222,189,1435,254,9,77,698,33,385,46
"43",51,"Ocotea corymbosa",1257706428,-14.775917,-68.636944,"cdround,gass84,iddatunl",21723633,191,97,72,1125,254,121,133,198,175,202,173,1432,230,24,60,649,102,468,106
"44",52,"Ocotea corymbosa",1086913205,-24.061944,-49.068333,"gass84",23650823,190,114,58,2697,280,86,194,221,155,221,152,1279,182,49,42,514,176,514,197
"45",53,"Ocotea corymbosa",1090821275,-18.930833,-47.515278,"gass84",22588140,205,113,69,1637,275,112,163,218,183,220,180,1486,278,9,81,774,30,656,51
"46",54,"Ocotea corymbosa",1802960959,-26.818056,-51.4825,"gass84",24221005,146,121,58,2993,245,39,206,131,168,183,107,1869,191,127,12,514,434,476,438
"47",55,"Ocotea corymbosa",1424290033,-27.268611,-49.051944,"cdround,gass84",24316103,171,91,51,2907,261,84,177,207,136,207,134,1670,208,93,25,566,300,566,322
"48",56,"Ocotea corymbosa",1094880373,-20.309722,-43.802222,"gass84",22873349,196,121,65,1965,278,93,185,213,170,218,168,1423,320,12,87,804,37,604,53
"49",57,"Ocotea corymbosa",1676462877,-17.604722,-53.2175,"gass84",22311523,229,127,69,1472,310,128,182,239,211,243,206,1649,269,14,69,772,56,463,88
"50",58,"Ocotea corymbosa",1090630300,-18.939198,-43.759704,"gass84,iddatunl",22588230,191,118,64,1785,276,93,183,206,170,210,165,1482,308,9,83,809,29,597,48
"51",60,"Ocotea corymbosa",1089100760,-23.21301,-46.31268,"gass84",23478089,169,104,60,2259,246,74,172,196,139,196,139,1451,248,30,63,688,116,641,116
"52",61,"Ocotea corymbosa",1086908274,-23.358333,-46.524167,"gass84",23504004,172,103,60,2246,250,80,170,198,142,199,142,1448,249,33,62,687,118,639,118
"53",62,"Ocotea corymbosa",1086960678,-24.75,-49.75,"gass84",23797687,169,115,57,2718,262,62,200,201,137,202,132,1554,205,76,28,542,270,524,299
"54",66,"Ocotea corymbosa",1077383295,-27.275,-50.1325,"gass84",24316077,159,110,55,3056,259,59,200,196,122,197,120,1557,168,93,16,446,325,446,349
"55",68,"Ocotea corymbosa",1087645288,-19.891611,-43.915972,"gass84",22786947,208,119,66,1854,286,107,179,223,183,227,180,1415,308,11,87,806,36,601,51
"56",70,"Ocotea corymbosa",1252620081,-24.081667,-49.092222,"gass84,iddatunl",23650822,190,114,58,2710,280,86,194,221,155,221,152,1280,183,49,42,514,177,514,199
"57",72,"Ocotea corymbosa",1257571568,-14.576667,-68.779444,"cdround,gass84,iddatunl",21680430,201,95,73,1212,263,133,130,210,184,213,182,1651,252,37,55,720,141,537,147
"58",73,"Ocotea corymbosa",1090705742,-19.161667,-50.7725,"cdround,gass84",22631262,245,125,71,1504,323,147,176,256,228,259,222,1438,272,18,74,712,59,351,88
"59",76,"Ocotea corymbosa",1086911493,-22.813611,-49.22,"gass84",23391619,203,128,65,2348,291,97,194,230,172,230,171,1257,197,26,56,562,116,562,138
"60",77,"Ocotea corymbosa",1090705703,-18.794444,-51.144444,"cdround,gass84",22562133,245,122,71,1319,321,151,170,253,230,256,224,1507,277,20,72,732,62,377,92
"61",78,"Ocotea corymbosa",1424407082,-22.642778,-44.656667,"cdround,gass84,iddatunl",23357169,201,117,62,2241,285,97,188,226,170,227,170,1501,265,25,70,732,87,707,87
"62",80,"Ocotea corymbosa",1424407151,-20.126111,-44.218611,"cdround,gass84",22838779,212,130,67,1918,295,101,194,228,188,232,183,1335,286,10,87,772,33,542,48
"63",81,"Ocotea corymbosa",1135951960,-23.1931,-45.0405,"gass84,iddatunl",23469480,153,111,60,2211,231,49,182,178,122,180,122,1691,269,34,63,795,132,744,132
"64",82,"Ocotea corymbosa",1424265694,-21.716667,-43.883333,"cdround,gass84",23167107,180,108,64,1899,258,90,168,202,155,203,155,1583,293,18,75,802,65,706,83
"65",83,"Ocotea corymbosa",1213558717,-14.966667,-57.2,"gass84",21767108,258,124,70,1223,329,154,175,266,242,268,238,1618,282,13,69,763,58,716,96
"66",84,"Ocotea corymbosa",1837439225,-21.001389,-49.973889,"gass84,preneglat,preneglon",23020081,226,127,66,2237,306,115,191,248,195,248,193,1185,219,15,68,581,76,581,101
"67",85,"Ocotea corymbosa",1260690058,-14.60027,-68.93527,"gass84,iddatunl",21689066,180,106,73,1117,247,103,144,187,162,191,162,1634,265,29,61,751,112,527,112
"68",87,"Ocotea corymbosa",1257643627,-13.581944,-39.723056,"cdround,gass84,iddatunl",21473767,206,74,66,1278,264,152,112,217,201,221,188,1125,118,62,17,318,225,301,312
"69",89,"Ocotea corymbosa",1252620228,-19.411222,-43.422472,"gass84,iddatunl",22683278,195,117,65,1904,277,98,179,212,170,216,168,1568,341,10,84,858,35,624,54
"70",90,"Ocotea corymbosa",1252619822,-19.446556,-43.961361,"gass84",22691905,219,123,66,1709,299,115,184,233,200,236,195,1304,295,6,89,738,24,539,40
"71",91,"Ocotea corymbosa",1094842150,-12.475278,-41.387222,"gass84,iddatunl",21249087,223,115,75,1276,297,144,153,232,211,234,204,1021,153,21,52,418,90,361,113
"72",92,"Ocotea corymbosa",1090760066,-23.684583,-54.521667,"gass84",23572932,220,117,58,2687,314,114,200,238,187,249,181,1578,196,66,29,552,241,486,312
"73",93,"Ocotea corymbosa",1090760062,-23.716111,-54.425722,"gass84",23581574,219,117,58,2698,314,113,201,237,187,248,180,1568,195,65,29,546,243,482,317
"74",94,"Ocotea corymbosa",1090760046,-23.682222,-54.4835,"gass84",23572933,219,117,58,2697,314,113,201,237,187,249,181,1573,196,66,29,550,241,485,312
"75",95,"Ocotea corymbosa",1086907624,-23.5225,-48.775,"gass84",23538510,201,120,63,2376,289,100,189,229,170,229,169,1198,192,34,54,531,125,531,147
"76",96,"Ocotea corymbosa",1090703140,-18.071389,-51.192222,"cdround,gass84",22406612,236,119,73,1108,309,146,163,242,225,244,218,1560,272,15,71,754,55,415,78
"77",97,"Ocotea corymbosa",1090658257,-19.473278,-43.987556,"gass84",22700545,219,122,67,1712,298,116,182,233,200,237,195,1310,298,6,89,744,24,544,40
"78",98,"Ocotea corymbosa",1090658504,-19.50775,-43.955083,"gass84",22709186,218,121,66,1700,297,116,181,232,199,236,194,1321,300,6,89,752,24,548,40
"79",99,"Ocotea corymbosa",1252620666,-18.107778,-43.038889,"gass84,iddatunl",22415448,188,110,64,1755,270,99,171,203,167,207,163,1346,287,12,82,748,39,513,52
"80",100,"Ocotea corymbosa",1087512451,-23.04875,-48.523917,"gass84,iddatunl",23443476,188,121,64,2251,274,87,187,214,158,214,158,1317,225,35,59,613,124,575,146
"81",101,"Ocotea corymbosa",1086912036,-17.716389,-51.832778,"gass84",22337477,234,120,72,1154,308,143,165,241,219,243,215,1548,279,16,70,727,54,387,81
"82",103,"Ocotea corymbosa",1424266336,-21.694444,-43.895278,"cdround,gass84",23158467,166,108,65,1810,243,77,166,186,142,187,141,1682,308,22,73,844,77,741,94
"83",105,"Ocotea corymbosa",997601662,-14.55,-68.83,"gass84",21680429,198,97,72,1188,261,128,133,206,181,210,180,1660,256,36,56,729,139,539,143
"84",106,"Ocotea corymbosa",1087180534,-20.505833,-43.898333,"gass84",22916547,199,121,65,1987,282,97,185,216,172,221,171,1394,296,13,84,775,41,578,55
"85",109,"Ocotea corymbosa",1260114001,-14.55777,-68.83888,"gass84,iddatunl",21680428,200,96,72,1183,262,130,132,208,183,211,181,1680,258,37,56,736,143,546,147
"86",110,"Ocotea corymbosa",1090573432,-22.801017,-47.042331,"gass84",23391671,197,117,63,2358,276,92,184,222,164,222,164,1315,233,28,65,639,103,639,103
"87",111,"Ocotea corymbosa",1087180601,-19.626944,-43.264444,"gass84",22735122,192,115,64,2006,273,94,179,210,165,215,165,1528,336,11,83,830,39,617,56
"88",114,"Ocotea corymbosa",1259685759,-15.08666,-68.49222,"gass84,iddatunl",21792757,208,94,72,1219,271,141,130,218,191,219,189,1324,204,25,57,587,104,436,113
"89",115,"Ocotea corymbosa",1135912868,-23.0333,-48.1833,"gass84",23434844,204,118,63,2326,287,102,185,230,172,230,172,1226,213,27,62,585,103,585,103
"90",117,"Ocotea corymbosa",1252619710,-21.683333,-43.866667,"gass84,iddatunl",23158468,181,107,64,1885,258,91,167,202,156,203,155,1589,294,19,75,803,66,706,84
"91",120,"Ocotea corymbosa",1424513788,-22.583333,-50.366667,"cdround,gass84,rdatm",23339752,205,127,64,2545,293,96,197,233,172,233,169,1307,211,36,49,556,158,556,194
"92",121,"Ocotea corymbosa",1259157271,-14.56083,-68.33444,"gass84,iddatunl",21680440,186,100,72,1088,250,113,137,192,171,197,169,1512,240,28,59,678,110,493,114
"93",122,"Ocotea corymbosa",1259157267,-14.591055,-68.376056,"cdround,gass84,iddatunl",21689079,194,94,71,1176,256,125,131,201,178,205,175,1475,227,28,58,649,111,486,119
"94",123,"Ocotea corymbosa",1259191748,-14.601667,-68.713056,"cdround,gass84,iddatunl",21689071,195,96,73,1177,257,126,131,203,179,206,176,1570,244,31,57,694,124,514,128
"95",124,"Ocotea corymbosa",1252620632,-17.983333,-46.9,"gass84,iddatunl",22389435,234,118,72,1306,307,144,163,242,220,246,213,1363,280,8,83,724,30,596,48
"96",125,"Ocotea corymbosa",1087234690,-14.174444,-47.610278,"gass84",21603178,218,102,69,778,289,143,146,218,213,227,207,1781,343,4,81,889,20,256,47
"97",126,"Ocotea corymbosa",997601997,-14.64,-67.81,"gass84",21697733,247,107,69,1483,318,164,154,260,234,260,225,1889,278,72,48,787,225,787,246
"98",128,"Ocotea corymbosa",1213550724,-14.164667,-47.632833,"gass84",21594537,216,102,69,789,288,141,147,216,211,226,205,1813,349,4,80,905,21,260,47
"99",129,"Ocotea corymbosa",1259113648,-14.496667,-68.23,"cdround,gass84,iddatunl",21663163,182,103,73,1083,248,107,141,188,168,193,165,1546,246,29,59,694,113,502,116
"100",130,"Ocotea corymbosa",997601922,-14.5,-68.22,"gass84",21671803,178,105,73,1026,244,101,143,183,164,188,161,1529,248,27,60,695,109,493,110
"101",132,"Ocotea corymbosa",997601781,-14.47,-68.19,"gass84",21663164,192,99,72,1134,257,120,137,199,176,203,174,1548,240,32,57,682,120,504,128
"102",133,"Ocotea corymbosa",1089073932,-22.1554,-48.0232,"gass84",23253408,200,112,64,2188,277,102,175,223,169,223,169,1363,251,24,70,683,88,615,112
"103",135,"Ocotea corymbosa",997601943,-14.43,-68.18,"gass84",21654524,195,98,71,1139,260,123,137,202,179,206,177,1568,241,34,57,685,125,510,134
"104",137,"Ocotea corymbosa",1087540630,-11.55,-42.5,"gass84,iddatunl",21058981,213,132,73,1098,299,119,180,219,197,225,197,783,149,1,88,417,4,190,10
"105",138,"Ocotea corymbosa",1259124477,-14.60111,-68,"gass84,iddatunl",21689089,218,99,70,1272,285,145,140,228,200,230,199,1647,245,48,52,702,162,516,181
"106",141,"Ocotea corymbosa",1098501868,-21.860278,-49.3925,"gass84",23192895,212,127,65,2421,297,102,195,239,179,239,177,1209,210,23,65,593,94,593,121
"107",144,"Ocotea corymbosa",1089095076,-22.55,-46.52,"gass84,iddatunl",23339844,192,118,65,2169,267,86,181,215,161,215,161,1460,265,27,67,720,107,654,107
"108",145,"Ocotea corymbosa",1424295935,-22.092778,-42.849722,"cdround,gass84,iddatunl",23244892,194,109,60,2202,280,100,180,219,165,221,165,1526,287,24,71,752,84,655,102
"109",146,"Ocotea corymbosa",1424295932,-22.075833,-42.846111,"cdround,gass84,iddatunl,rdatm",23236252,194,109,60,2180,280,99,181,218,165,220,165,1518,287,24,72,750,82,652,100
"110",147,"Ocotea corymbosa",1090570048,-23.689749,-47.092403,"gass84",23573110,171,100,59,2306,249,80,169,198,140,199,140,1714,272,57,52,740,184,703,184
"111",148,"Ocotea corymbosa",1090568489,-22.86372,-47.08676,"gass84",23400310,197,116,63,2402,277,93,184,223,164,223,164,1317,229,28,64,634,104,575,104
"112",149,"Ocotea corymbosa",1090568584,-22.87025,-47.07717,"gass84",23400311,194,116,63,2374,273,90,183,219,161,219,161,1317,228,28,65,637,102,578,102
"113",150,"Ocotea corymbosa",1089072945,-22.0126,-54.4708,"gass84",23227333,237,117,63,2030,320,137,183,250,212,258,208,1474,202,32,42,553,160,453,202
"114",151,"Ocotea corymbosa",1089095118,-22.49,-46.55,"gass84,iddatunl",23322563,186,119,65,2126,260,79,181,208,156,208,156,1516,276,25,69,755,102,683,102
"115",152,"Ocotea corymbosa",1089095111,-22.48,-46.53,"gass84,iddatunl",23322564,189,120,66,2120,263,82,181,211,159,211,159,1499,272,26,68,742,103,671,103
"116",153,"Ocotea corymbosa",1089095119,-22.52,-46.54,"gass84,iddatunl",23331204,192,119,65,2161,267,85,182,215,162,215,162,1468,267,27,68,725,105,657,105
"117",154,"Ocotea corymbosa",1259398712,-21.93972,-47.99166,"gass84",23210209,198,110,64,2045,273,103,170,219,170,220,168,1408,250,25,69,697,87,622,111
"118",158,"Ocotea corymbosa",1258938531,-15.68333,-62.76666,"gass84",21913854,246,124,68,1774,327,147,180,260,232,262,219,1062,178,24,61,486,94,341,124
"119",160,"Ocotea corymbosa",1090729715,-22.150333,-52.450556,"gass84,iddatunl",23253302,232,124,64,2451,316,123,193,257,199,257,196,1172,162,31,44,462,136,462,171
"120",161,"Ocotea corymbosa",1090863928,-23.7275,-50.7411,"gass84",23581663,179,126,64,2472,269,73,196,207,146,207,144,1442,194,64,29,512,252,512,280
"121",162,"Ocotea corymbosa",1258635359,-24.159722,-55.285,"cdround,gass84,iddatunl",23667954,222,116,55,3090,318,109,209,242,181,257,180,1624,189,79,25,547,271,481,313
"122",163,"Ocotea corymbosa",1089095079,-22.47,-47,"gass84,iddatunl",23322553,197,119,64,2258,275,91,184,221,166,221,166,1351,250,22,71,684,89,684,89
"123",164,"Ocotea corymbosa",1097245176,-24.0363575915892,-50.4587722125176,"cdrep",23642149,185,127,62,2716,278,76,202,216,149,216,147,1377,176,64,27,467,241,467,262
"124",166,"Ocotea corymbosa",1258644996,-22.688611,-56.006944,"cdround,gass84",23365536,228,118,60,2584,318,124,194,254,193,256,192,1402,172,43,34,488,176,450,241
"125",167,"Ocotea corymbosa",1097904118,-26.1963928715053,-49.2662006010121,"cdrep,iddatunl",24091458,162,103,54,2926,254,65,189,198,125,198,125,1512,184,84,24,506,288,506,296
"126",169,"Ocotea corymbosa",1087505389,-22.816667,-49.733333,"gass84",23391607,210,127,64,2520,299,102,197,238,177,238,174,1365,203,39,52,599,150,599,175
"127",170,"Ocotea corymbosa",1258499066,-23.99444,-55.47916,"gass84,iddatunl",23633389,223,115,55,3040,318,112,206,243,183,258,182,1624,187,75,27,549,260,496,298
"128",171,"Ocotea corymbosa",1258938532,-15.75,-62.1,"gass84",21931150,239,132,69,1710,325,135,190,253,215,254,213,1129,186,19,61,515,79,383,109
"129",173,"Ocotea corymbosa",1258436878,-23.79611,-56.21138,"gass84,iddatunl",23598811,227,112,55,3032,322,121,201,248,187,263,187,1436,175,59,29,483,207,435,261
"130",174,"Ocotea corymbosa",1087235148,-18.524167,-48.169444,"gass84",22501724,215,118,68,1626,289,116,173,228,194,228,189,1542,321,10,83,811,32,811,45
"131",175,"Ocotea corymbosa",1144732548,-24.33333,-55,"gass84",23702521,212,120,56,3116,311,98,213,232,172,248,170,1635,190,84,23,539,284,464,337
"132",176,"Ocotea corymbosa",1089049557,-22.54,-47.05,"gass84",23331191,199,119,64,2306,277,93,184,223,166,223,166,1316,242,22,70,661,88,661,88
"133",177,"Ocotea corymbosa",1090567593,-22.3147,-49.0606,"gass84",23287943,209,127,65,2409,296,101,195,236,177,236,176,1221,215,26,62,585,112,585,131
"134",178,"Ocotea corymbosa",1258476355,-26.09694,-55.48277,"gass84,iddatunl",24074029,208,127,56,3617,320,95,225,229,161,253,161,1634,197,90,23,487,290,403,290
"135",180,"Ocotea corymbosa",1087364244,-24.085278,-49.201944,"gass84,iddatunl",23659460,189,115,58,2767,279,84,195,221,153,221,151,1293,189,49,42,521,181,521,203
"136",181,"Ocotea corymbosa",1089051112,-24.0429,-49.0416,"gass84",23650824,187,113,58,2673,277,83,194,218,153,218,150,1290,185,49,42,522,177,522,198
"137",182,"Ocotea corymbosa",1090563761,-24.1125,-49.3317,"gass84",23659457,189,116,59,2760,279,84,195,221,154,221,151,1305,197,49,43,532,184,483,206
"138",184,"Ocotea corymbosa",1090563845,-23.9822,-48.8756,"gass84",23633547,190,113,58,2523,282,89,193,220,159,220,155,1246,177,47,42,506,171,506,196
"139",185,"Ocotea corymbosa",1123823589,-23.573889,-48.05,"gass84",23547167,189,111,60,2435,272,90,182,217,156,217,156,1188,196,35,55,532,124,502,124
"140",187,"Ocotea corymbosa",1086950696,-23.566667,-48,"gass84",23547169,188,110,60,2425,271,90,181,216,155,216,155,1170,196,34,56,527,121,498,121
"141",188,"Ocotea corymbosa",1252617302,-23.185194,-48.964694,"gass84",23469385,207,127,65,2318,296,102,194,234,177,234,176,1204,186,32,54,531,121,531,142
"142",190,"Ocotea corymbosa",1258281813,-23.804444,-56.095278,"cdround,gass84,iddatunl",23598814,225,113,56,3017,320,119,201,246,186,261,185,1463,176,63,29,492,216,442,268
"143",191,"Ocotea corymbosa",1089107761,-23.11067,-48.57529,"gass84",23452115,189,122,65,2223,275,88,187,215,160,215,160,1313,223,36,58,608,127,608,148
"144",192,"Ocotea corymbosa",1087353022,-24.071111,-49.184444,"gass84,iddatunl",23650820,194,116,59,2715,284,90,194,226,159,226,157,1267,182,48,41,507,178,507,200
"145",194,"Ocotea corymbosa",1258281875,-23.80305,-56.12611,"gass84,iddatunl",23598813,226,112,56,3012,320,120,200,246,186,261,185,1455,176,62,29,490,213,440,266
"146",197,"Ocotea corymbosa",1089107770,-22.3457,-50.29464,"gass84",23296553,206,127,64,2542,293,96,197,234,172,234,170,1247,201,30,54,553,131,553,160
"147",198,"Ocotea corymbosa",1087353032,-22.5825,-50.496111,"gass84,iddatunl",23339749,209,126,64,2559,296,100,196,237,187,237,172,1306,203,34,49,551,153,551,193
"148",199,"Ocotea corymbosa",1252617332,-22.61925,-50.477694,"gass84",23348389,209,126,64,2562,296,100,196,237,186,237,172,1319,205,35,48,553,157,553,200
"149",201,"Ocotea corymbosa",1571563224,-22.37093,-50.28397,"gass84",23296554,209,127,64,2575,296,98,198,237,174,237,172,1230,200,31,54,550,133,550,160
"150",203,"Ocotea corymbosa",1086912697,-13.583333,-47.416667,"gass84",21473582,233,107,70,735,307,155,152,232,228,242,223,1738,314,3,83,889,21,215,38
"151",204,"Ocotea corymbosa",1056263092,-24.231797,-55.1414,"gass84",23685237,219,117,55,3149,317,106,211,240,179,256,177,1621,191,81,24,543,275,471,322
"152",206,"Ocotea corymbosa",1123790220,-19.971389,-40.530278,"gass84",22804308,212,98,64,1655,288,135,153,226,191,233,191,1272,203,40,51,567,147,390,156
"153",207,"Ocotea corymbosa",1257685515,-23.79361,-56.07055,"gass84,iddatunl",23598815,225,113,56,2982,320,119,201,246,186,260,185,1471,177,64,28,496,217,445,269
"154",211,"Ocotea corymbosa",1252616859,-22.651111,-48.8675,"gass84",23357068,203,126,65,2298,289,98,191,229,172,229,172,1267,225,26,62,606,111,547,130
"155",214,"Ocotea corymbosa",1089031988,-22.3904,-48.5203,"gass84",23305236,202,121,64,2363,286,98,188,228,170,228,169,1291,228,25,66,639,100,639,122
"156",216,"Ocotea corymbosa",1144732555,-24.25,-56.5,"gass84",23693845,222,107,54,3199,316,120,196,244,180,260,180,1360,162,59,28,451,201,396,201
"157",220,"Ocotea corymbosa",1087362559,-21.612222,-47.578056,"gass84,iddatunl",23141099,213,123,66,2087,293,107,186,233,185,234,182,1418,258,22,71,709,76,627,104
"158",221,"Ocotea corymbosa",1090657274,-19,-46.766667,"gass84",22605438,211,113,68,1474,285,121,164,220,192,226,188,1529,304,8,80,793,39,650,54
"159",222,"Ocotea corymbosa",1087364176,-23.523889,-47.1125,"gass84,iddatunl",23538550,171,104,60,2272,250,78,172,198,141,199,141,1425,238,39,59,662,131,618,131
"160",223,"Ocotea corymbosa",1089038098,-23.3126,-47.0645,"gass84",23495351,173,108,61,2262,252,77,175,198,142,199,142,1344,228,32,63,643,111,592,111
"161",224,"Ocotea corymbosa",1135847266,-22.731417,-48.0205,"gass84",23374368,206,117,62,2387,288,102,186,232,172,232,172,1238,230,27,66,611,96,565,96
"162",225,"Ocotea corymbosa",1089041116,-22.1005,-47.5429,"gass84",23244779,198,114,64,2178,275,98,177,221,168,221,167,1325,249,21,72,670,81,612,98
"163",226,"Ocotea corymbosa",1258651742,-14.83333,-66.5,"gass84,iddatunl",21732325,253,108,63,1620,328,159,169,264,228,267,228,1808,295,54,53,787,180,529,180
"164",227,"Ocotea corymbosa",1258594839,-22.655556,-55.9825,"cdround,gass84",23356897,228,118,60,2579,317,123,194,253,193,256,192,1397,171,43,34,485,175,450,241
"165",228,"Ocotea corymbosa",1087510232,-22.872222,-48.434167,"gass84",23400278,192,121,65,2271,277,91,186,218,162,218,162,1326,230,34,62,631,118,631,136
"166",229,"Ocotea corymbosa",1097894317,-25.3696823516563,-49.077283287881,"cdrep",23918663,172,98,55,2744,258,81,177,205,138,205,135,1599,212,79,31,571,261,571,281
"167",230,"Ocotea corymbosa",1258938529,-14.66666,-63.73333,"gass84",21697831,256,120,68,1430,336,161,175,267,235,268,235,1524,252,28,62,701,105,509,146
"168",231,"Ocotea corymbosa",1087510238,-22.988889,-48.443333,"gass84",23426198,189,120,64,2247,274,88,186,215,159,215,159,1317,227,35,61,621,120,621,120
"169",232,"Ocotea corymbosa",1252620120,-15.166667,-55.083333,"gass84,iddatunl",21810359,221,129,70,1314,302,119,183,230,201,230,200,1735,275,8,70,782,44,776,83
"170",233,"Ocotea corymbosa",1097927834,-18.9223812705864,-48.277403976008,"cdrep",22588122,216,123,68,1720,292,113,179,230,193,230,189,1470,284,9,81,756,33,661,52
"171",234,"Ocotea corymbosa",1089051392,-18.5445,-48.023,"gass84",22510368,224,118,69,1685,295,124,171,238,201,238,197,1448,297,7,85,771,24,771,40
"172",236,"Ocotea corymbosa",1258938502,-14.71666,-62.76666,"gass84",21715134,249,126,70,1429,331,151,180,260,229,262,227,1288,216,19,65,599,79,441,112
"173",237,"Ocotea corymbosa",1261530517,-15.5,-67.16666,"gass84,iddatunl",21879189,237,109,67,1450,310,149,161,249,215,250,215,1843,273,47,53,802,172,595,172
"174",238,"Ocotea corymbosa",1097242509,-25.27,-49.22,"gass84",23901379,165,103,57,2615,251,72,179,195,133,195,129,1617,214,83,29,566,279,566,301
"175",239,"Ocotea corymbosa",1213549353,-15.583333,-47.876389,"gass84",21888291,219,107,70,985,289,137,152,223,211,227,204,1422,257,5,77,686,21,192,40
"176",240,"Ocotea corymbosa",1261271544,-26.16666,-55.45,"gass84,iddatunl",24082670,207,128,56,3599,320,94,226,228,161,252,161,1641,195,93,22,484,295,404,295
"177",241,"Ocotea corymbosa",1090578077,-23.423889,-48.35056,"gass84,iddatunl",23521240,196,116,62,2399,281,95,186,224,164,224,164,1225,197,36,55,549,124,549,124
"178",243,"Ocotea corymbosa",1089013635,-22.52,-46.05,"gass84",23331215,184,120,65,2180,260,76,184,207,153,207,153,1508,268,25,67,733,103,660,113
"179",244,"Ocotea corymbosa",1090838438,-23.075,-45.9375,"gass84",23443538,186,106,60,2249,262,88,174,212,155,212,155,1404,245,28,64,671,109,642,109
"180",245,"Ocotea corymbosa",1261263888,-25.41666,-57.16666,"gass84,iddatunl",23927109,219,107,53,3314,319,119,200,260,176,260,176,1443,167,47,36,483,174,483,174
"181",246,"Ocotea corymbosa",1261270368,-25.25,-57.06666,"gass84,iddatunl",23901191,225,105,53,3373,324,126,198,262,182,266,182,1419,162,49,34,467,178,466,178
"182",247,"Ocotea corymbosa",1261269540,-25.58333,-57.18333,"gass84,iddatunl",23961668,223,107,51,3527,324,118,206,260,186,265,176,1431,185,59,34,482,203,444,207
"183",248,"Ocotea corymbosa",1261269837,-25.3,-57.1,"gass84,iddatunl",23909830,223,105,52,3347,322,123,199,263,179,263,179,1426,164,48,35,473,175,473,175
"184",249,"Ocotea corymbosa",1252615705,-21.5,-47.75,"gass84,iddatunl",23123815,213,123,67,2065,291,108,183,233,184,233,182,1427,254,23,72,713,77,625,104
"185",250,"Ocotea corymbosa",1423953463,-23.583333,-54.666667,"cdround,gass84",23547008,221,117,58,2656,314,115,199,239,188,251,184,1588,197,69,30,561,236,494,298
"186",251,"Ocotea corymbosa",1089108958,-23.043,-45.5615,"gass84",23443547,194,107,60,2272,271,93,178,219,162,220,162,1321,226,21,67,636,87,608,87
"187",252,"Ocotea corymbosa",1423953483,-22.066667,-53.316667,"cdround,gass84",23236001,227,122,67,2054,311,129,182,247,203,248,197,1368,184,27,44,507,149,487,184
"188",253,"Ocotea corymbosa",1423953995,-22.883333,-54.233333,"cdround,gass84",23408779,226,120,63,2250,316,127,189,241,198,252,195,1536,228,40,40,578,202,514,239
"189",254,"Ocotea corymbosa",1123789716,-21.846667,-43.807778,"gass84",23193029,198,108,61,2063,277,102,175,221,170,223,170,1463,267,15,77,745,52,665,52
"190",255,"Ocotea corymbosa",1098259290,-23.642,-45.875,"gass84",23564500,165,94,58,2285,238,76,162,192,135,194,135,2412,309,100,37,906,337,865,337
"191",256,"Ocotea corymbosa",1097567657,-13.0092666818479,-41.3706393848679,"cdrep",21361408,201,116,72,1233,278,118,160,210,188,211,181,924,158,20,58,399,74,367,83
"192",257,"Ocotea corymbosa",1261524611,-22.66666,-56.08333,"gass84,iddatunl",23356895,231,118,60,2602,321,127,194,257,196,259,195,1398,173,43,34,489,175,447,241
"193",258,"Ocotea corymbosa",1144732565,-23,-56,"gass84",23434657,227,118,59,2691,319,122,197,246,191,257,190,1444,172,47,33,497,187,460,248
"194",259,"Ocotea corymbosa",1097520957,-7.50958945550873,-63.0219939068607,"cdrep,iddatunl",20220408,265,103,72,496,338,195,143,261,263,272,260,2191,308,27,56,877,132,295,230
"195",260,"Ocotea corymbosa",1500374217,-23.2,-48.14,"gass84,iddatunl",23469405,201,116,62,2352,285,100,185,228,169,228,169,1215,207,27,62,574,105,530,105
"196",261,"Ocotea corymbosa",1097624951,-25.4457834635391,-49.0636827052428,"cdrep",23935943,170,97,55,2725,256,80,176,202,136,202,133,1574,210,80,31,563,258,563,276
"197",262,"Ocotea corymbosa",1423953900,-22.283333,-53.5,"cdround,gass84,iddatunl",23279197,233,122,65,2084,320,135,185,249,208,254,203,1392,202,26,44,524,159,485,191
"198",263,"Ocotea corymbosa",1258765706,-19.41666,-40.06666,"gass84,iddatunl",22683359,243,91,62,1684,315,169,146,257,221,264,221,1203,188,36,51,534,140,360,145
"199",264,"Ocotea corymbosa",1423953902,-22.183333,-53.683333,"cdround,gass84,iddatunl,rdatm",23261912,234,120,66,2021,320,139,181,249,212,254,205,1468,220,25,45,559,163,510,191
"200",265,"Ocotea corymbosa",1423954391,-17.766667,-42.233333,"cdround,gass84,rdatm",22346347,199,118,67,1719,283,107,176,214,178,218,174,1138,227,15,79,621,49,421,58
"201",267,"Ocotea corymbosa",1423953905,-11.898889,-40.486389,"cdround,gass84,iddatunl",21128149,221,102,71,1586,295,152,143,237,213,237,197,847,100,25,30,256,115,256,225
"202",268,"Ocotea corymbosa",1090836566,-24.608333,-47.885,"gass84",23763171,221,93,52,2834,307,129,178,257,185,257,185,1613,239,55,46,682,206,682,206
"203",269,"Ocotea corymbosa",1098312843,-25.6796847540919,-49.5350167573469,"cdrep",23987772,166,109,56,2867,259,66,193,201,140,201,128,1310,175,67,26,438,252,438,273
"204",270,"Ocotea corymbosa",1098296887,-15.7834208090807,-47.9298726661488,"cdrep",21931490,211,108,70,1021,280,127,153,216,201,219,195,1580,264,7,75,756,31,447,51
"205",271,"Ocotea corymbosa",1423956768,-13,-41.4,"gass84",21361407,195,116,72,1233,273,112,161,204,182,205,176,897,149,21,56,380,77,350,89
"206",272,"Ocotea corymbosa",1228421879,-22,-49,"gass84,iddatunl",23227465,213,125,64,2393,298,105,193,240,181,240,179,1151,216,23,66,573,93,573,112
"207",273,"Ocotea corymbosa",1097278137,-24.1619621085097,-49.8273294032777,"cdrep",23668085,181,120,56,3145,276,63,213,216,144,217,136,1323,193,56,37,502,199,471,217
"208",274,"Ocotea corymbosa",1213565724,-22.75,-48.416667,"gass84",23382998,206,121,64,2347,291,102,189,232,174,232,174,1289,227,31,63,623,112,623,112
"209",275,"Ocotea corymbosa",1077182792,-11.55,-41.15,"gass84,iddatunl",21059013,203,96,72,1354,267,135,132,213,200,216,183,692,109,16,53,289,72,252,96
"210",278,"Ocotea corymbosa",1090550249,-22.9056,-47.0608,"gass84",23408951,193,116,63,2379,272,89,183,218,160,218,160,1315,223,26,64,632,102,574,102
"211",280,"Ocotea corymbosa",1098042499,-21.7182134990996,-52.4226931438558,"cdrep",23166902,230,123,65,2337,311,124,187,254,199,254,196,1201,170,30,47,495,123,495,158
"212",281,"Ocotea corymbosa",1097180383,-25.2099799686424,-49.1155851908348,"cdrep",23892742,169,100,56,2700,255,77,178,201,136,201,132,1622,214,80,30,574,270,574,292
"213",282,"Ocotea corymbosa",1097061354,-21.791935772319,-46.5617965456807,"cdrep",23184323,178,118,64,2281,254,70,184,201,146,201,144,1708,315,26,72,850,83,782,112
"214",283,"Ocotea corymbosa",1098271099,-15.6555,-47.784722,"cdround",21905574,210,108,70,1020,280,126,154,214,202,218,194,1468,241,6,74,694,26,205,48
"215",284,"Ocotea corymbosa",1097977845,-20.9574265697104,-43.8066070517348,"cdrep",23002949,190,114,65,1895,269,96,173,206,165,211,163,1479,290,18,78,773,58,622,71
"216",285,"Ocotea corymbosa",1258651102,-24.33333,-49.86666,"gass84",23702644,164,119,56,2976,258,48,210,197,130,199,121,1462,207,66,33,531,232,509,259
"217",286,"Ocotea corymbosa",1097890406,-26.22,-49.23,"gass84",24100099,156,102,54,2870,247,61,186,191,120,192,119,1569,193,88,24,524,299,522,306
"218",289,"Ocotea corymbosa",1423953945,-24.133333,-49.366667,"cdround,gass84,iddatunl",23668096,187,117,58,2849,277,78,199,219,151,219,147,1318,199,51,42,531,188,486,209
"219",290,"Ocotea corymbosa",1097434245,-19.32,-43.6,"gass84",22665994,196,118,65,1842,278,97,181,211,173,215,169,1538,326,9,84,842,31,616,50
"220",291,"Ocotea corymbosa",1097012349,-24.0496485029471,-52.3839041550662,"cdrep",23650743,201,112,58,2779,290,100,190,234,165,234,164,1553,189,80,26,520,283,520,324
"221",292,"Ocotea corymbosa",1098104105,-16,-48.05,"gass84",21983327,207,115,71,1119,279,118,161,213,192,216,189,1569,269,7,77,759,33,436,48
"222",293,"Ocotea corymbosa",1097724419,-24.5299669162616,-49.9489396257074,"cdrep",23745842,169,119,57,2826,263,57,206,201,136,203,129,1477,196,71,28,510,251,492,282
"223",294,"Ocotea corymbosa",1098428593,-26.2421851047102,-51.0788277293688,"cdrep",24100055,179,120,57,3157,285,75,210,215,140,215,136,1656,168,110,14,468,354,468,366
"224",295,"Ocotea corymbosa",1097251933,-27.8200088378656,-50.3264846424617,"cdrep",24428393,166,106,52,3198,269,66,203,148,127,206,125,1442,148,93,15,415,297,407,327
"225",296,"Ocotea corymbosa",1087299972,-23.35,-47.883333,"gass84",23503971,193,112,61,2366,276,94,182,220,161,221,161,1179,202,32,60,552,110,517,110
"226",297,"Ocotea corymbosa",1097708081,-27.619513999278,-48.6277627857468,"cdrep",24385233,201,71,45,2785,282,127,155,235,166,235,166,1497,207,75,34,559,237,559,238
"227",298,"Ocotea corymbosa",1098203906,-26.3082960824994,-48.8461716651909,"cdrep",24117388,211,81,49,2823,293,128,165,247,175,247,175,1702,245,77,35,658,262,658,262
"228",299,"Ocotea corymbosa",1097400859,-18.5829791433087,-46.5184856161177,"cdrep",22510404,226,111,69,1397,300,141,159,235,213,240,205,1454,296,7,82,762,28,631,44
"229",300,"Ocotea corymbosa",1098278015,-18.9729787114355,-49.4655833228074,"cdrep",22596733,239,128,71,1472,318,138,180,249,221,251,215,1365,264,9,78,701,30,340,58
"230",301,"Ocotea corymbosa",1098102805,-22.7041501004464,-46.7601127337239,"cdrep",23365758,190,117,64,2262,266,85,181,214,158,214,158,1436,276,31,68,721,114,655,114
"231",302,"Ocotea corymbosa",1090535245,-21.1858,-48.9072,"gass84",23054667,224,124,68,1864,301,121,180,242,200,242,195,1281,241,19,74,663,66,619,86
"232",303,"Ocotea corymbosa",1098270619,-19.9246081193028,-43.9380145595816,"cdrep",22795586,203,124,66,1931,283,96,187,218,178,222,173,1453,317,12,87,824,39,623,55
"233",304,"Ocotea corymbosa",1098336391,-23.654505,-46.621883,"",23564482,181,96,59,2191,256,94,162,207,152,208,152,1402,228,37,57,634,129,606,129
"234",305,"Ocotea corymbosa",1097416525,-25.37603,-52.1225,"",23927230,179,120,59,2985,276,74,202,214,140,214,139,1731,190,99,21,504,369,504,386
"235",306,"Ocotea corymbosa",1097340179,-24.340602,-49.713647,"",23711287,164,118,55,3062,259,47,212,198,130,200,120,1466,212,66,34,540,231,519,258
"236",307,"Ocotea corymbosa",1097125136,-25.234872,-50.012929,"",23892720,178,115,58,2768,271,76,195,212,143,212,142,1499,213,79,30,530,275,530,288
"237",308,"Ocotea corymbosa",1097513101,-25.0280711291823,-50.5848862440203,"cdrep",23849506,181,119,59,2856,276,77,199,216,144,216,144,1530,161,81,21,469,293,469,310
"238",309,"Ocotea corymbosa",1098014841,-15.5409169794846,-47.3346330507973,"cdrep",21879664,222,111,68,1124,296,134,162,227,214,231,205,1459,278,4,82,748,16,180,36
"239",310,"Ocotea corymbosa",1099083307,-15.492356,-67.879715,"cdround",21870531,240,102,68,1407,308,160,148,252,219,252,219,1567,243,36,53,684,144,625,154
"240",311,"Ocotea corymbosa",1056264154,-16.714611,-64.670931,"gass84",22129808,252,110,62,2015,326,151,175,271,222,271,222,3548,543,115,51,1520,395,1520,395
"241",312,"Ocotea corymbosa",1228383121,-16.7261,-64.435,"gass84",22129814,250,110,63,2024,325,151,174,269,220,269,220,2989,462,98,50,1287,339,1287,339
"242",313,"Ocotea corymbosa",1097362768,-22.2857503169645,-42.5309212652528,"cdrep",23279460,182,103,58,2143,267,92,175,205,156,208,153,1395,255,25,67,665,89,580,112
"243",314,"Ocotea corymbosa",1228583507,-10.8339,-52.8731,"gass84",20911852,254,141,69,663,353,151,202,255,245,260,244,2144,354,3,75,1028,28,559,54
"244",315,"Ocotea corymbosa",1099083094,-10,-55,"",20739001,254,144,69,632,362,154,208,249,250,261,248,2302,382,9,70,1060,48,355,85
"245",316,"Ocotea corymbosa",1055308791,-10.773109,-53.08982,"gass84",20894566,256,143,69,674,358,152,206,256,247,262,246,2243,376,3,75,1081,28,590,52
"246",317,"Ocotea corymbosa",1095261252,-15.950555,-48.123611,"gass84",21966046,210,112,71,1063,280,124,156,215,197,219,192,1595,281,6,77,770,33,436,48
"247",319,"Ocotea corymbosa",1144732939,-22.43333,-43,"gass84,rdativ",23314009,179,98,57,2177,260,90,170,205,151,207,151,1728,302,41,61,794,139,705,139
"248",320,"Ocotea corymbosa",1228154844,-23.2025,-58.1689,"gass84",23469164,241,126,58,3267,349,132,217,274,208,280,198,1183,149,26,40,424,121,402,132
"249",322,"Ocotea corymbosa",1097552524,-15.2487171410569,-40.6241905069502,"cdrep",21819346,233,97,66,1518,302,156,146,245,218,249,211,766,128,20,56,339,80,257,85
"250",323,"Ocotea corymbosa",1144732533,-18.78778,-45.44222,"gass84,rdativ",22553630,231,131,70,1636,309,123,186,242,210,247,206,1276,274,4,87,716,19,554,34
"251",324,"Ocotea corymbosa",1090551127,-22.7253,-47.6492,"gass84",23374377,208,117,62,2455,289,103,186,234,173,234,173,1255,238,25,68,626,91,565,91
"252",325,"Ocotea corymbosa",1098124252,-22.5309,-43.0084,"gass84",23331288,209,99,57,2205,292,121,171,236,180,238,180,1723,278,44,57,755,148,694,148
"253",326,"Ocotea corymbosa",1138797370,-25.5,-48.833333,"rdativ",23953229,211,82,46,3280,299,123,176,250,169,251,169,1994,284,73,43,824,258,777,258
"254",327,"Ocotea corymbosa",1097869120,-14.72,-68.4172,"gass84",21714998,197,92,72,1208,257,130,127,205,180,208,178,1398,214,26,57,613,104,464,114
"255",328,"Ocotea corymbosa",1086913474,-23.49,-48.412778,"gass84",23529879,197,116,62,2426,283,96,187,225,165,225,165,1219,195,38,55,542,126,542,126
"256",329,"Ocotea corymbosa",1144732567,-25.16667,-56,"gass84,rdativ",23883937,215,111,54,3359,314,111,203,235,180,255,171,1650,192,83,26,527,278,427,281
"257",330,"Ocotea corymbosa",1097560344,-23.277946,-45.041851,"rdativ",23486759,160,109,60,2191,238,58,180,185,130,187,130,1692,265,37,61,780,141,738,141
"258",331,"Ocotea corymbosa",416999800,-25.42,-57.18,"gass84",23935748,221,107,53,3388,321,122,199,258,177,263,177,1420,170,52,35,470,181,465,181
"259",333,"Ocotea corymbosa",1144733153,-22.48222,-42.9125,"gass84,rdativ",23322651,210,101,58,2232,294,121,173,237,181,239,181,1595,265,38,59,712,127,649,127
"260",334,"Ocotea corymbosa",1258651588,-15.25,-68.166667,"gass84",21827324,228,98,70,1333,293,154,139,239,208,239,207,1466,217,34,53,638,134,577,145
"261",335,"Ocotea corymbosa",1423953793,-22.016667,-53.083333,"cdround,gass84,iddatunl",23227367,228,123,66,2168,312,127,185,250,201,250,196,1303,167,28,44,494,142,494,178
"262",336,"Ocotea corymbosa",1097675157,-19.6310028411826,-43.8896109001237,"cdrep",22735107,214,118,67,1701,291,116,175,227,194,231,189,1351,306,7,89,772,26,566,41
